Iteration 10: (227,714,13 ; 0.588889) (739,586,637 ; 0.425) (227,712,13 ; 0.588889) (507,330,71 ; 0.419444) (195,834,637 ; 0.580556) (179,834,125 ; 0.580556) (701,569,869 ; 0.425) (483,1003,108 ; 0.491667) (739,714,367 ; 0.425) (235,718,13 ; 0.588889) (0, 0, 0 ; 4.24399e-314) (0, 0, 0 ; -1.02707e-310) (0, 0, 0 ; 4.24399e-314) (0, 0, 0 ; 2.122e-314) (0, 0, 0 ; -1.26813e-310) (0, 0, 0 ; 0) (0,0,2.122e-314 ; 0) (0, 0, 0 ; 0) (0,9.34432e+259,0 ; 4.51479e-304) (0, 0, 0 ; 0) (0, 0, 0 ; 0) (3.31024e-322,0,0 ; 0) (0, 0, 0 ; 0) (0, 0, 0 ; 0) (0,5.55366e-315,0 ; 0) (0, 0, 0 ; 0) (0, 0, 0 ; 0) (0, 0, 0 ; 0) (0, 0, 0 ; 1.18879e+269) (0,0,2.0036e-309 ; 4.54647e-304) 
Top 5: (227,714,13 ; 0.588889), (227,712,13 ; 0.588889) ,
		(235,718,13 ; 0.588889) , (195,834,637 ; 0.580556) (179,834,125 ; 0.580556), 

Iteration 10: (178,920,510 ; 0.586111) (34,156,945 ; 0.572222) (802,156,945 ; 0.447222) (50,923,510 ; 0.572222) (50,904,946 ; 0.572222) (827,60,1021 ; 0.447222) (811,30,945 ; 0.447222) (827,912,436 ; 0.433333) (178,920,508 ; 0.586111) (50,922,510 ; 0.572222) (0, 0, 0 ; 0) (0, 0, 0 ; 0) (0, 0, 0 ; 0) (0, 0, 0 ; 0) (0, 0, 0 ; 0) (0, 0, 0 ; 0) (2.122e-314,0,2.122e-314 ; 2.122e-314) (0,2.122e-314,4.94066e-324 ; 2.122e-314) (2.122e-314,2.122e-314,2.122e-314 ; 2.122e-314) (4.12636e-270,2.122e-314,0 ; 2.122e-314) (0,0,2.122e-314 ; 4.94066e-324) (0,4.94066e-324,0 ; 2.122e-314) (2.122e-314,4.12636e-270,4.46141e-304 ; -5.34656e+235) (0, 0, 0 ; 0) (2.122e-314,0,0 ; 2.122e-314) (2.122e-314,2.122e-314,0 ; 2.122e-314) (0, 0, 0 ; 2.122e-314) (2.122e-314,0,0 ; 0) (4.94066e-324,2.122e-314,0 ; 4.94066e-324) (2.122e-314,2.122e-314,2.122e-314 ; -1.08675e-311) 
Top 5: (178,920,510 ; 0.586111),  (178,920,508 ; 0.586111) ,  (34,156,945 ; 0.572222) ,
	(50,923,510 ; 0.572222) , (50,904,946 ; 0.572222) , (50,922,510 ; 0.572222)

178,920,510 : 51%




(280,568,1019 ; 0.555556) (792,156,289 ; 0.433333) (24,156,289 ; 0.555556) (667,35,875 ; 0.561111) (776,554,289 ; 0.425) (819,60,497 ; 0.475)
(803,28,289 ; 0.463889) (819,560,955 ; 0.527778) (280,568,1017 ; 0.555556) (667,34,875 ; 0.561111)
(667,35,875 ; 0.561111)





Démarrage de C:\Users\ocliv\Documents\projet mospi\build-C4++\Connect4.exe...
Iteration 0: (523,697,753 ; 0.497222) (562,679,836 ; 0.569444) (96,32,759 ; 0.519444) (728,250,644 ; 0.475) (580,640,994 ; 0.5) (903,198,355 ; 0.45) (305,795,638 ; 0.544444) (600,523,626 ; 0.497222) (214,847,151 ; 0.405556) (58,396,471 ; 0.566667) (0, 0, 0 ; 0) (0, 0, 0 ; 0) (0, 0, 0 ; 0) (0, 0, 0 ; 0) (0, 0, 0 ; 0) (0, 0, 0 ; 0) (0, 0, 0 ; -3.36409e-296) (0,2.122e-314,4.94066e-324 ; 2.122e-314) (2.122e-314,2.122e-314,2.122e-314 ; 2.122e-314) (0,4.94066e-324,0 ; 2.122e-314) (0, 0, 0 ; 2.122e-314) (4.94066e-324,2.122e-314,2.122e-314 ; 4.94066e-324) (2.122e-314,2.122e-314,2.122e-314 ; 2.122e-314) (0, 0, 0 ; 2.122e-314) (2.122e-314,2.122e-314,2.122e-314 ; 2.122e-314) (2.122e-314,0,0 ; 4.94066e-324) (0, 0, 0 ; 2.122e-314) (0,2.122e-314,2.122e-314 ; 2.122e-314) (0,2.122e-314,0 ; 2.122e-314) (2.122e-314,4.94066e-324,4.94066e-324 ; -2.17474e-311) 
It. 1 selection ok
Crossover 
Iteration 1: (562,679,836 ; 0.538889) (580,512,994 ; 0.505556) (901,766,753 ; 0.45) (523,195,355 ; 0.486111) (728,250,644 ; 0.491667) (304,795,766 ; 0.491667) (522,697,753 ; 0.480556) (729,255,644 ; 0.491667) (561,675,836 ; 0.538889) (306,859,622 ; 0.508333) 
It. 2 selection ok
Crossover 
Iteration 2: (562,679,836 ; 0.472222) (729,255,644 ; 0.441667) (587,195,867 ; 0.555556) (561,675,324 ; 0.438889) (580,532,490 ; 0.444444) (304,795,766 ; 0.444444) (782,697,753 ; 0.461111) (522,553,1009 ; 0.508333) (901,766,769 ; 0.452778) (562,679,752 ; 0.45) 
It. 3 selection ok
Crossover 
Iteration 3: (587,195,867 ; 0.558333) (587,199,867 ; 0.547222) (436,843,766 ; 0.486111) (546,679,836 ; 0.486111) (51,675,764 ; 0.502778) (304,787,326 ; 0.455556) (517,67,995 ; 0.475) (969,766,801 ; 0.438889) (522,553,1009 ; 0.488889) (50,679,832 ; 0.513889) 
It. 4 selection ok
Crossover 
Iteration 4: (587,195,867 ; 0.561111) (985,766,801 ; 0.444444) (50,935,834 ; 0.447222) (585,227,867 ; 0.541667) (773,67,867 ; 0.508333) (522,553,1009 ; 0.491667) (961,764,801 ; 0.444444) (587,231,872 ; 0.541667) (522,553,893 ; 0.491667) (969,766,801 ; 0.444444) 
It. 5 selection ok
Crossover 
Iteration 5: (587,195,867 ; 0.55) (523,231,328 ; 0.469444) (522,553,1009 ; 0.491667) (449,764,801 ; 0.508333) (901,766,801 ; 0.488889) (585,3,867 ; 0.555556) (73,935,322 ; 0.452778) (818,188,801 ; 0.469444) (961,764,801 ; 0.480556) (713,227,867 ; 0.5) 
It. 6 selection ok
Crossover 
Iteration 6: (585,3,867 ; 0.502778) (818,188,801 ; 0.505556) (705,764,545 ; 0.436111) (778,569,1009 ; 0.516667) (801,184,545 ; 0.488889) (914,1022,801 ; 0.430556) (653,766,33 ; 0.458333) (523,231,840 ; 0.544444) (77,550,867 ; 0.572222) (585,899,450 ; 0.413889) 
It. 7 selection ok
Crossover 
Iteration 7: (77,550,867 ; 0.519444) (778,57,1009 ; 0.461111) (12,614,995 ; 0.430556) (776,568,1009 ; 0.555556) (523,231,588 ; 0.472222) (818,188,289 ; 0.486111) (73,550,867 ; 0.519444) (76,550,867 ; 0.519444) (653,766,801 ; 0.438889) (818,189,553 ; 0.483333) 
It. 8 selection ok
Crossover 
Iteration 8: (776,568,1009 ; 0.541667) (904,570,1009 ; 0.486111) (523,550,867 ; 0.544444) (65,743,76 ; 0.441667) (669,766,801 ; 0.475) (523,227,72 ; 0.419444) (280,568,1019 ; 0.6) (776,568,1009 ; 0.541667) (778,169,497 ; 0.452778) (819,188,289 ; 0.447222) 
It. 9 selection ok
Crossover 
Iteration 9: (280,568,1019 ; 0.611111) (769,568,1009 ; 0.572222) (819,60,289 ; 0.416667) (400,570,1023 ; 0.538889) (803,560,955 ; 0.469444) (280,156,289 ; 0.463889) (904,56,1009 ; 0.563889) (667,34,875 ; 0.561111) (776,568,1009 ; 0.547222) (896,570,1009 ; 0.469444) 
It. 10 selection ok
Crossover 
Iteration 10: (280,568,1019 ; 0.555556) (792,156,289 ; 0.433333) (24,156,289 ; 0.555556) (667,35,875 ; 0.561111) (776,554,289 ; 0.425) (819,60,497 ; 0.475) (803,28,289 ; 0.463889) (819,560,955 ; 0.527778) (280,568,1017 ; 0.555556) (667,34,875 ; 0.561111) 
Best: (667,35,875 ; 0.561111)
C:\Users\ocliv\Documents\projet mospi\build-C4++\Connect4.exe s'est terminé avec le code 255


Iteration 0: (787,35,313 ; 0.572222) (829,604,284 ; 0.480556) (946,387,655 ; 0.572222) (667,839,103 ; 0.441667) (38,683,686 ; 0.569444) (631,784,842 ; 0.466667) (583,477,184 ; 0.463889) (965,306,222 ; 0.505556) (763,289,43 ; 0.441667) (497,743,6 ; 0.45) (0, 0, 0 ; 0) (0, 0, 0 ; 0) (0, 0, 0 ; 0) (0, 0, 0 ; 0) (0, 0, 0 ; 0) (0, 0, 0 ; 0) (0, 0, 0 ; -8.33858e+039) (4.94066e-324,0,2.122e-314 ; 2.122e-314) (2.122e-314,4.94066e-324,2.122e-314 ; 2.122e-314) (2.122e-314,4.94066e-324,0 ; 0) (0, 0, 0 ; 0) (2.122e-314,4.94066e-324,2.122e-314 ; 4.94066e-324) (4.94066e-324,0,2.122e-314 ; 2.122e-314) (0, 0, 0 ; 0) (0, 0, 0 ; 0) (0, 0, 0 ; 0) (0, 0, 0 ; 2.122e-314) (2.122e-314,2.122e-314,2.122e-314 ; 4.94066e-324) (2.122e-314,0,4.94066e-324 ; 2.122e-314) (2.122e-314,0,0 ; -2.17416e-311) 
It. 1 selection ok
Crossover 
Iteration 1: (787,35,313 ; 0.55) (946,385,655 ; 0.597222) (481,743,6 ; 0.461111) (967,306,223 ; 0.477778) (964,818,222 ; 0.444444) (997,306,766 ; 0.555556) (947,131,671 ; 0.533333) (666,839,103 ; 0.436111) (38,683,686 ; 0.525) (71,477,184 ; 0.447222) 
It. 2 selection ok
Crossover 
Iteration 2: (946,385,655 ; 0.591667) (918,385,590 ; 0.591667) (19,935,686 ; 0.513889) (934,291,377 ; 0.544444) (951,131,655 ; 0.555556) (979,314,223 ; 0.488889) (965,306,191 ; 0.488889) (946,131,189 ; 0.497222) (68,477,184 ; 0.491667) (787,35,57 ; 0.519444) 
It. 3 selection ok
Crossover 
Iteration 3: (946,385,655 ; 0.580556) (947,131,655 ; 0.561111) (918,913,590 ; 0.438889) (934,291,473 ; 0.530556) (19,935,671 ; 0.444444) (19,679,750 ; 0.511111) (68,477,184 ; 0.480556) (951,138,655 ; 0.561111) (68,399,558 ; 0.522222) (918,465,176 ; 0.458333) 
It. 4 selection ok
Crossover 
Iteration 4: (946,385,655 ; 0.563889) (951,139,655 ; 0.536111) (68,431,46 ; 0.461111) (68,477,952 ; 0.580556) (68,415,558 ; 0.530556) (147,679,742 ; 0.513889) (934,291,473 ; 0.536111) (919,923,590 ; 0.466667) (822,385,143 ; 0.413889) (17,679,686 ; 0.513889) 
It. 5 selection ok
Crossover 
Iteration 5: (68,477,952 ; 0.505556) (68,477,952 ; 0.505556) (196,551,686 ; 0.544444) (273,431,46 ; 0.475) (273,679,686 ; 0.502778) (944,385,655 ; 0.541667) (50,943,44 ; 0.463889) (836,161,653 ; 0.527778) (951,139,655 ; 0.508333) (935,291,473 ; 0.536111) 
It. 6 selection ok
Crossover 
Iteration 6: (196,551,686 ; 0.513889) (196,477,952 ; 0.513889) (69,477,952 ; 0.480556) (58,943,44 ; 0.455556) (196,551,942 ; 0.533333) (947,803,729 ; 0.475) (196,348,696 ; 0.511111) (68,509,952 ; 0.508333) (68,137,671 ; 0.525) (951,479,952 ; 0.458333) 
It. 7 selection ok
Crossover 
Iteration 7: (196,551,942 ; 0.577778) (570,943,12 ; 0.458333) (68,385,671 ; 0.533333) (196,989,952 ; 0.488889) (68,137,671 ; 0.602778) (68,373,952 ; 0.544444) (695,479,944 ; 0.505556) (58,941,44 ; 0.425) (951,351,440 ; 0.486111) (951,479,956 ; 0.497222) 
It. 8 selection ok
Crossover 
Iteration 8: (68,137,671 ; 0.577778) (68,381,952 ; 0.538889) (570,943,4 ; 0.425) (64,373,952 ; 0.538889) (1015,335,440 ; 0.466667) (695,479,948 ; 0.502778) (68,39,942 ; 0.555556) (68,136,670 ; 0.569444) (695,477,8 ; 0.427778) (56,942,820 ; 0.461111) 
It. 9 selection ok
Crossover 
Iteration 9: (68,137,671 ; 0.566667) (695,461,12 ; 0.433333) (570,943,4 ; 0.438889) (68,47,942 ; 0.558333) (212,39,934 ; 0.55) (1015,335,440 ; 0.452778) (56,942,820 ; 0.477778) (76,140,926 ; 0.527778) (68,381,952 ; 0.497222) (70,137,671 ; 0.527778) 
It. 10 selection ok
Crossover 
Iteration 10: (68,137,671 ; 0.561111) (70,137,671 ; 0.55) (244,39,918 ; 0.519444) (76,140,942 ; 0.558333) (759,335,440 ; 0.516667) (1015,335,440 ; 0.486111) (631,461,12 ; 0.427778) (38,137,927 ; 0.519444) (570,943,4 ; 0.4) (100,137,671 ; 0.586111) 
Best: (100,137,671 ; 0.586111)




Démarrage de C:\Users\ocliv\Documents\projet mospi\build-C4++\Connect4.exe...
Iteration 0: (174,992,453 ; 1.24) (884,52,434 ; 0.71) (335,772,749 ; 0.915) (157,475,705 ; 1.18) (115,549,933 ; 1.07333) (663,831,583 ; 1.05833) (960,981,639 ; 1.06167) (891,231,197 ; 0.666667) (504,950,281 ; 0.991667) (130,391,639 ; 1.27667) (821,684,343 ; 0.781667) (781,742,840 ; 0.84) (151,920,679 ; 1.27) (512,884,535 ; 0.995) (633,786,984 ; 1.07333) (460,438,732 ; 0.866667) (0, 0, 0 ; -1.65569e+294) (0, 0, 0 ; 0) (0, 0, 0 ; 0) (0, 0, 0 ; 0) (0, 0, 0 ; 0) (0, 0, 0 ; 0) (0, 0, 0 ; 0) (0, 0, 0 ; 2.122e-314) (0,2.122e-314,2.122e-314 ; 4.94066e-324) (2.122e-314,2.122e-314,0 ; 2.122e-314) (0, 0, 0 ; 0) (0, 0, 0 ; 0) (0, 0, 0 ; 0) (0, 0, 0 ; -2.17324e-311) 
It. 1 selection ok
Crossover 
Le programme s'est terminé subitement.
C:\Users\ocliv\Documents\projet mospi\build-C4++\Connect4.exe crashed.

Démarrage de C:\Users\ocliv\Documents\projet mospi\build-C4++\Connect4.exe...
Iteration 0: (565,657,282 ; 1.135) (219,17,233 ; 0.985) (897,436,803 ; 0.631667) (410,451,884 ; 1.13667) (55,250,75 ; 0.988333) (509,494,252 ; 0.838333) (838,792,289 ; 0.838333) (795,752,591 ; 0.89) (524,665,516 ; 1.16167) (243,776,476 ; 1.32667) (828,104,629 ; 0.935) (156,129,740 ; 1.195) (582,962,490 ; 1.09667) (198,278,735 ; 1.225) (930,155,751 ; 0.718333) (640,494,928 ; 0.898333) (0, 0, 0 ; -1.48762e-283) (4.94066e-324,2.122e-314,2.122e-314 ; 2.122e-314) (2.122e-314,2.122e-314,2.122e-314 ; 2.122e-314) (0,2.122e-314,2.122e-314 ; 2.122e-314) (0, 0, 0 ; 0) (2.122e-314,0,2.122e-314 ; 4.94066e-324) (2.122e-314,4.94066e-324,0 ; 2.122e-314) (0, 0, 0 ; 4.94066e-324) (4.94066e-324,2.122e-314,2.122e-314 ; 0) (2.122e-314,2.122e-314,2.122e-314 ; 2.122e-314) (0, 0, 0 ; 0) (0,2.122e-314,2.122e-314 ; 2.122e-314) (2.122e-314,2.122e-314,4.94066e-324 ; 0) (2.122e-314,2.122e-314,2.122e-314 ; -2.17464e-311) 
It. 1 selection ok
Crossover 
Le programme s'est terminé subitement.
C:\Users\ocliv\Documents\projet mospi\build-C4++\Connect4.exe crashed.

Démarrage de C:\Users\ocliv\Documents\projet mospi\build-C4++\Connect4.exe...
Iteration 0: (828,909,265 ; 1.07833) (694,281,27 ; 0.695) (252,982,400 ; 0.933333) (923,882,690 ; 0.936667) (941,304,138 ; 0.733333) (404,664,833 ; 1.19167) (304,37,974 ; 1.13) (43,130,141 ; 1.2) (957,87,66 ; 0.756667) (84,261,761 ; 1.53167) (411,287,873 ; 1.175) (176,174,447 ; 1.195) (966,354,509 ; 0.688333) (965,156,928 ; 0.943333) (996,672,256 ; 0.873333) (107,450,274 ; 0.938333) (0, 0, 0 ; -1.48366e+306) (2.122e-314,2.122e-314,2.122e-314 ; 4.94066e-324) (2.122e-314,0,0 ; 2.122e-314) (2.122e-314,0,4.94066e-324 ; 0) (0, 0, 0 ; 0) (0, 0, 0 ; 0) (0, 0, 0 ; 0) (0, 0, 0 ; 4.94066e-324) (2.122e-314,2.122e-314,0 ; 2.122e-314) (2.122e-314,0,0 ; 0) (0, 0, 0 ; 0) (2.122e-314,2.122e-314,2.122e-314 ; 0) (2.122e-314,2.122e-314,2.122e-314 ; 0) (0,0,4.94066e-324 ; -2.17335e-311) 
It. 1 selection ok
Crossover 
Iteration 1: (84,261,761 ; 1.475) (997,156,944 ; 0.815) (84,133,447 ; 1.255) (86,133,447 ; 0.906667) (368,53,974 ; 0.926667) (304,37,974 ; 0.933333) (54,146,141 ; 0.888333) (54,2,140 ; 0.89) (305,269,761 ; 0.938333) (288,261,761 ; 0.951667) (996,672,384 ; 0.62) (828,909,777 ; 0.951667) (84,263,25 ; 1.105) (156,260,25 ; 0.871667) (84,5,761 ; 1.255) (84,69,761 ; 1.21667) 
It. 2 selection ok
Crossover 
Iteration 2: (84,261,761 ; 1.51167) (84,69,447 ; 1.08) (124,69,761 ; 1.03667) (596,7,25 ; 0.711667) (84,69,249 ; 0.846667) (84,69,729 ; 1.05667) (288,325,753 ; 0.923333) (68,261,761 ; 1.14) (84,263,9 ; 0.991667) (84,197,447 ; 1.09333) (84,263,153 ; 1) (84,263,13 ; 0.996667) (84,5,753 ; 1.11) (1005,140,944 ; 0.79) (272,37,708 ; 0.82) (304,37,966 ; 0.891667) 
It. 3 selection ok
Crossover 
Iteration 3: (84,261,761 ; 1.29833) (84,69,728 ; 0.82) (84,73,761 ; 1.07) (784,37,715 ; 0.686667) (84,453,729 ; 1.15167) (84,197,761 ; 1.33) (84,197,447 ; 0.993333) (284,271,217 ; 0.661667) (68,69,731 ; 1.07) (84,77,447 ; 0.796667) (81,5,721 ; 0.876667) (84,69,761 ; 1.07) (80,37,753 ; 1.10667) (48,44,974 ; 1.07) (12,259,13 ; 1.005) (84,775,217 ; 0.993333) 
It. 4 selection ok
Crossover 
Iteration 4: (84,197,761 ; 1.30333) (84,261,761 ; 1.26333) (12,3,761 ; 1.09167) (12,3,761 ; 1.09167) (816,293,971 ; 0.47) (304,44,975 ; 0.786667) (48,44,718 ; 1.05833) (48,108,206 ; 0.856667) (84,69,728 ; 0.878333) (48,44,974 ; 1.05833) (21,73,761 ; 1.295) (84,73,729 ; 0.878333) (84,73,633 ; 0.89) (84,775,217 ; 1.06833) (17,5,761 ; 1.09167) (81,13,633 ; 0.918333) 
It. 5 selection ok
Crossover 
Iteration 5: (84,197,761 ; 1.35167) (81,9,633 ; 0.876667) (84,775,217 ; 1.01667) (340,197,761 ; 0.593333) (524,3,761 ; 0.72) (84,197,761 ; 1.35167) (12,39,716 ; 1.355) (270,35,718 ; 0.708333) (84,13,633 ; 0.876667) (84,13,633 ; 0.876667) (48,44,763 ; 1.1) (48,44,761 ; 1.1) (84,775,89 ; 1.01667) (84,73,733 ; 0.856667) (60,12,718 ; 1.1) (52,44,590 ; 1.1) 
It. 6 selection ok
Crossover 
Iteration 6: (12,39,716 ; 1.33833) (597,247,761 ; 0.48) (68,5,650 ; 1.1) (84,141,716 ; 0.913333) (604,775,89 ; 0.703333) (84,421,761 ; 1.20833) (52,44,526 ; 1.09833) (85,77,733 ; 0.856667) (52,44,590 ; 1.09833) (52,44,846 ; 1.09833) (85,771,249 ; 1.04667) (84,771,217 ; 1.04667) (32,44,708 ; 1.1) (48,44,964 ; 1.09833) (524,3,249 ; 0.638333) (12,519,748 ; 1.175) 
It. 7 selection ok
Crossover 
Iteration 7: (12,39,716 ; 1.29333) (68,5,650 ; 1.12833) (52,110,526 ; 1.29667) (52,44,526 ; 1.14) (84,997,761 ; 1.08) (564,40,846 ; 0.855) (68,5,650 ; 1.12833) (100,133,642 ; 0.903333) (524,3,248 ; 0.728333) (588,3,249 ; 0.728333) (32,44,650 ; 1.15667) (0,300,648 ; 0.69) (84,933,761 ; 1.135) (52,44,526 ; 1.14) (48,172,260 ; 1.04667) (597,247,761 ; 0.55) 
It. 8 selection ok
Crossover 
Iteration 8: (52,110,526 ; 1.43333) (564,110,526 ; 0.838333) (84,933,761 ; 1.185) (92,933,765 ; 1.185) (68,3,650 ; 1.17667) (588,7,249 ; 0.736667) (564,40,846 ; 0.895) (76,5,522 ; 0.846667) (597,247,761 ; 0.591667) (0,316,648 ; 0.77) (0,268,649 ; 0.77) (52,172,526 ; 1.48833) (68,173,526 ; 1.205) (84,45,526 ; 0.891667) (564,296,844 ; 0.801667) (68,933,753 ; 1.185) 
It. 9 selection ok
Crossover 
Iteration 9: (52,172,526 ; 1.49167) (36,173,526 ; 1.295) (76,5,522 ; 0.718333) (564,296,268 ; 0.811667) (64,173,782 ; 1.49333) (92,933,765 ; 0.965) (60,684,526 ; 0.906667) (84,677,249 ; 1.03167) (84,421,761 ; 1.24667) (92,933,761 ; 0.965) (68,425,526 ; 1.075) (68,173,526 ; 1.205) (597,119,142 ; 0.695) (637,119,654 ; 0.786667) (725,231,761 ; 0.763333) (725,247,761 ; 0.55) 
It. 10 selection ok
Crossover 
Iteration 10: (64,173,782 ; 1.34667) (342,389,761 ; 0.866667) (20,172,654 ; 1.21667) (20,220,526 ; 1.16333) (68,173,526 ; 1.215) (593,167,729 ; 0.833333) (52,175,526 ; 1.275) (69,175,526 ; 1.215) (68,297,526 ; 0.956667) (637,87,654 ; 0.813333) (85,365,268 ; 0.92) (84,301,268 ; 0.971667) (893,23,522 ; 0.808333) (637,23,522 ; 0.808333) (560,489,518 ; 0.713333) (76,5,522 ; 0.876667) 
It. 11 selection ok
Crossover 
Iteration 11: (64,173,782 ; 1.43833) (20,684,718 ; 1.00833) (881,23,522 ; 0.73) (889,6,522 ; 0.73) (69,173,542 ; 1.13833) (69,63,526 ; 0.848333) (562,489,526 ; 0.713333) (85,365,268 ; 0.983333) (532,172,654 ; 0.768333) (69,175,14 ; 0.795) (36,303,268 ; 1.00333) (52,303,324 ; 1.08333) (20,220,522 ; 1.22167) (52,47,542 ; 1.21) (69,175,522 ; 1.165) (69,173,526 ; 1.16333) 
It. 12 selection ok
Crossover 
Iteration 12: (64,173,782 ; 1.38667) (69,63,526 ; 0.895) (5,317,68 ; 1.05833) (69,319,324 ; 0.996667) (604,172,206 ; 0.701667) (69,173,542 ; 1.045) (36,47,522 ; 1.15833) (52,46,522 ; 1.19833) (45,303,268 ; 1.10333) (37,303,268 ; 1.01833) (52,47,542 ; 1.19833) (570,489,526 ; 0.781667) (562,201,710 ; 0.611667) (562,489,742 ; 0.836667) (213,365,268 ; 0.943333) (69,173,526 ; 1.06667) 
It. 13 selection ok
Crossover 
Iteration 13: (64,173,782 ; 1.29333) (64,173,268 ; 1.01667) (52,47,586 ; 1.175) (36,47,650 ; 1.17667) (69,319,516 ; 0.926667) (69,287,528 ; 0.983333) (53,173,774 ; 1.28167) (36,237,782 ; 1.065) (85,63,526 ; 0.873333) (562,201,710 ; 0.636667) (581,175,718 ; 0.825) (64,189,782 ; 1.29333) (44,46,10 ; 0.758333) (321,383,324 ; 0.783333) (101,319,206 ; 0.995) (69,319,206 ; 0.916667) 
It. 14 selection ok
Crossover 
Iteration 14: (64,173,782 ; 1.36) (69,287,516 ; 1.02167) (69,127,516 ; 1.045) (325,383,462 ; 0.87) (101,285,718 ; 1.215) (85,319,716 ; 1.12) (64,173,782 ; 1.36) (581,175,586 ; 0.608333) (101,319,206 ; 1.05667) (164,47,651 ; 0.89) (44,46,10 ; 0.87) (321,383,324 ; 0.91) (533,175,202 ; 0.665) (550,139,646 ; 0.738333) (52,39,586 ; 1.23) (84,55,526 ; 1.04) 
It. 15 selection ok
Crossover 
Iteration 15: (64,173,782 ; 1.38833) (164,47,651 ; 0.815) (340,375,462 ; 0.68) (64,189,798 ; 1.38833) (164,47,651 ; 0.815) (101,319,140 ; 0.963333) (52,439,782 ; 1.17667) (20,39,814 ; 1.24333) (69,51,526 ; 0.935) (85,55,526 ; 0.936667) (101,285,974 ; 1.40167) (85,318,716 ; 1.14333) (308,175,814 ; 0.731667) (548,175,783 ; 0.731667) (44,47,10 ; 0.713333) (85,55,527 ; 0.936667) 
It. 16 selection ok
Crossover 
Iteration 16: (101,285,974 ; 1.39333) (20,551,814 ; 1.04167) (68,318,716 ; 1.1) (68,830,716 ; 0.843333) (20,319,652 ; 1) (52,831,136 ; 0.826667) (76,173,590 ; 1.03167) (64,173,782 ; 1.39) (310,47,894 ; 0.741667) (69,51,526 ; 0.7) (564,175,783 ; 0.701667) (804,191,782 ; 0.585) (101,284,974 ; 1.39333) (85,247,526 ; 1.15833) (101,287,974 ; 1.39333) (85,55,590 ; 0.7) 
It. 17 selection ok
Crossover 
Iteration 17: (101,285,974 ; 1.36833) (20,515,814 ; 1.065) (85,503,522 ; 0.99) (20,319,652 ; 1.035) (357,284,974 ; 0.785) (68,45,782 ; 1.14333) (100,309,966 ; 1.36833) (100,285,974 ; 1.36833) (52,63,271 ; 0.818333) (564,191,270 ; 0.646667) (580,318,652 ; 0.59) (564,175,783 ; 0.785) (101,287,462 ; 0.99) (101,319,966 ; 1.36833) (229,284,846 ; 0.83) (55,831,138 ; 0.848333) 
It. 18 selection ok
Crossover 
Iteration 18: (101,285,974 ; 1.31833) (564,171,910 ; 0.856667) (225,276,846 ; 0.946667) (55,831,138 ; 0.818333) (596,502,514 ; 0.665) (597,503,523 ; 0.665) (69,285,975 ; 1.07333) (101,319,966 ; 1.31833) (68,45,782 ; 1.13667) (101,319,966 ; 1.31833) (580,446,652 ; 0.73) (708,318,652 ; 0.558333) (101,287,654 ; 1.14833) (101,799,142 ; 0.818333) (100,285,972 ; 1.31833) (100,268,990 ; 1.31) 
It. 19 selection ok
Crossover 
Iteration 19: (101,285,974 ; 1.365) (68,37,782 ; 1.135) (100,268,990 ; 1.315) (101,285,974 ; 1.365) (101,371,966 ; 1.15833) (100,285,1004 ; 1.315) (109,287,910 ; 1.35167) (101,287,14 ; 0.743333) (109,447,966 ; 1.01833) (565,235,910 ; 0.736667) (55,959,652 ; 0.738333) (55,447,140 ; 0.696667) (580,396,990 ; 0.661667) (100,349,970 ; 0.993333) (101,799,142 ; 0.703333) (100,783,142 ; 0.703333) 
It. 20 selection ok
Crossover 
Iteration 20: (101,285,974 ; 1.375) (116,383,970 ; 1.43) (229,271,14 ; 0.866667) (228,799,142 ; 1.02833) (100,799,142 ; 0.905) (228,349,986 ; 0.891667) (565,491,910 ; 0.736667) (77,287,910 ; 1.12167) (109,287,910 ; 1.35) (237,287,910 ; 0.808333) (868,349,962 ; 0.601667) (125,318,910 ; 1.12333) (693,235,910 ; 0.643333) (100,447,838 ; 1.075) (55,285,910 ; 1.005) (63,279,904 ; 1.03833) 
It. 21 selection ok
Crossover 
Iteration 21: (116,383,970 ; 1.48667) (116,383,970 ; 1.48667) (613,285,142 ; 0.576667) (101,797,142 ; 0.86) (103,285,902 ; 1.375) (53,285,910 ; 0.976667) (228,280,910 ; 0.711667) (228,285,780 ; 0.768333) (228,863,142 ; 0.763333) (39,281,972 ; 1.14833) (116,127,970 ; 0.788333) (100,447,836 ; 1.14) (102,447,838 ; 1.14) (229,285,846 ; 0.748333) (109,286,910 ; 1.39) (493,287,910 ; 0.64) 
It. 22 selection ok
Crossover 
Iteration 22: (116,383,970 ; 1.405) (124,383,970 ; 1.405) (7,281,1006 ; 1.29333) (39,281,972 ; 1.10833) (102,503,836 ; 0.893333) (37,797,140 ; 0.901667) (301,282,970 ; 0.703333) (109,798,970 ; 0.948333) (101,285,590 ; 1.12833) (613,268,846 ; 0.546667) (116,375,974 ; 1.405) (165,285,846 ; 0.893333) (103,285,142 ; 0.798333) (359,285,142 ; 0.61) (116,382,910 ; 1.405) (628,381,910 ; 0.555) 
It. 23 selection ok
Crossover 
Iteration 23: (116,375,974 ; 1.47167) (613,268,846 ; 0.653333) (355,285,142 ; 0.665) (7,345,494 ; 1.20833) (629,381,910 ; 0.618333) (631,381,910 ; 0.596667) (116,382,782 ; 1.20833) (124,383,1002 ; 1.47167) (628,893,908 ; 0.94) (102,511,844 ; 1.13667) (628,380,910 ; 0.596667) (116,887,974 ; 1.105) (116,382,942 ; 1.47167) (252,382,910 ; 1.00667) (519,313,1006 ; 0.861667) (102,503,836 ; 0.988333) 
It. 24 selection ok
Crossover 
Iteration 24: (116,375,974 ; 1.49167) (102,511,844 ; 1.30667) (637,381,908 ; 0.63) (749,377,910 ; 0.621667) (248,345,494 ; 1.06167) (124,345,494 ; 1.01667) (613,396,334 ; 0.615) (629,380,910 ; 0.63) (519,313,1006 ; 0.985) (124,382,782 ; 1.295) (519,313,994 ; 0.985) (151,344,494 ; 0.866667) (60,895,782 ; 1.225) (124,383,808 ; 1.295) (628,895,908 ; 1.04333) (550,1023,876 ; 0.931667) 
It. 25 selection ok
Crossover 
Iteration 25: (116,375,974 ; 1.53333) (564,895,782 ; 0.773333) (637,313,974 ; 0.756667) (572,313,494 ; 0.64) (248,383,782 ; 0.896667) (248,383,270 ; 0.735) (116,471,974 ; 1.14667) (124,345,494 ; 0.956667) (38,1015,972 ; 0.96) (70,511,972 ; 1.13833) (71,382,782 ; 1.135) (7,382,782 ; 1.16167) (124,503,808 ; 1.11333) (244,885,808 ; 0.868333) (7,375,974 ; 1.185) (37,375,462 ; 1) 
It. 26 selection ok
Crossover 
Iteration 26: (116,375,974 ; 1.505) (7,375,846 ; 1.19333) (244,373,782 ; 0.928333) (244,116,774 ; 0.786667) (244,885,800 ; 0.945) (294,1014,972 ; 0.978333) (70,383,142 ; 1.11667) (70,382,462 ; 1.13667) (572,425,366 ; 0.681667) (573,313,494 ; 0.625) (126,503,296 ; 0.84) (37,375,974 ; 1.185) (228,869,936 ; 0.843333) (124,375,974 ; 1.505) (820,863,782 ; 0.86) (694,885,782 ; 0.87) 
It. 27 selection ok
Crossover 
Iteration 27: (116,375,974 ; 1.465) (228,869,936 ; 0.828333) (52,55,974 ; 1.10167) (116,887,974 ; 1.01667) (549,374,974 ; 0.735) (116,885,800 ; 0.976667) (244,880,782 ; 0.873333) (252,884,782 ; 0.873333) (68,318,462 ; 0.951667) (124,371,846 ; 1.16) (70,382,462 ; 1.06167) (190,854,800 ; 0.958333) (116,359,878 ; 1.465) (244,375,842 ; 0.845) (244,885,800 ; 0.873333) (246,500,806 ; 0.815) 
It. 28 selection ok
Crossover 
Iteration 28: (116,359,878 ; 1.46667) (119,375,974 ; 1.46667) (576,358,878 ; 0.586667) (68,358,876 ; 1.165) (612,374,974 ; 0.645) (544,886,974 ; 0.895) (757,880,782 ; 0.975) (245,880,778 ; 0.991667) (116,887,782 ; 1.01667) (308,55,966 ; 0.823333) (628,371,846 ; 0.535) (116,499,846 ; 1.00167) (191,374,875 ; 0.968333) (188,374,842 ; 0.966667) (112,372,926 ; 1.46667) (62,854,800 ; 1.03) 
It. 29 selection ok
Crossover 
Iteration 29: (116,359,878 ; 1.46833) (244,880,843 ; 0.96) (156,358,874 ; 1.16) (116,359,814 ; 1.27833) (372,357,878 ; 0.696667) (117,39,870 ; 1.02833) (756,368,782 ; 0.475) (756,888,782 ; 0.92) (572,183,966 ; 0.775) (308,55,454 ; 0.79) (119,375,974 ; 1.46833) (62,342,800 ; 1.21667) (116,359,878 ; 1.46833) (116,103,878 ; 1.06167) (548,358,878 ; 0.648333) (612,358,878 ; 0.585) 
It. 30 selection ok
Crossover 
Iteration 30: (116,359,878 ; 1.45167) (220,102,875 ; 0.855) (84,359,814 ; 1.13667) (116,103,782 ; 1.04667) (567,179,966 ; 0.738333) (567,183,964 ; 0.738333) (612,358,1022 ; 0.595) (316,131,454 ; 0.71) (116,358,878 ; 1.45167) (116,99,878 ; 1.055) (500,880,843 ; 0.866667) (372,327,894 ; 0.873333) (116,355,878 ; 1.45167) (59,342,288 ; 1.03167) (116,375,878 ; 1.445) (628,359,878 ; 0.553333) 
It. 31 selection ok
Crossover 
Iteration 31: (116,359,878 ; 1.33167) (86,359,810 ; 0.976667) (500,880,843 ; 0.903333) (740,358,1022 ; 0.436667) (612,358,894 ; 0.566667) (612,358,1022 ; 0.55) (116,323,874 ; 1.12) (628,355,878 ; 0.568333) (116,355,878 ; 1.33167) (116,375,878 ; 1.33167) (372,327,894 ; 0.818333) (116,359,878 ; 1.33167) (244,99,878 ; 0.786667) (84,39,876 ; 1.26667) (116,355,966 ; 1.34833) (112,363,966 ; 1.33167) 
It. 32 selection ok
Crossover 
Iteration 32: (116,355,966 ; 1.45167) (100,887,878 ; 0.83) (86,359,1018 ; 1.04) (86,359,762 ; 1.005) (86,359,810 ; 1.085) (612,358,314 ; 0.605) (116,103,878 ; 0.896667) (116,327,870 ; 1.19833) (628,355,878 ; 0.51) (372,293,894 ; 0.71) (68,367,878 ; 0.965) (116,367,878 ; 1.44167) (592,363,710 ; 0.58) (112,363,966 ; 1.44167) (116,359,894 ; 1.44167) (100,358,366 ; 0.798333) 
It. 33 selection ok
Crossover 
Iteration 33: (116,355,966 ; 1.38167) (112,329,966 ; 1.37667) (100,870,878 ; 0.865) (100,102,878 ; 0.818333) (628,363,710 ; 0.58) (628,363,758 ; 0.541667) (116,363,966 ; 1.36167) (116,103,894 ; 0.821667) (116,359,878 ; 1.36167) (116,355,966 ; 1.38167) (84,367,810 ; 0.906667) (324,494,810 ; 0.813333) (36,871,762 ; 0.853333) (100,359,766 ; 1.04333) (592,107,710 ; 0.531667) (116,367,874 ; 1.36167) 
It. 34 selection ok
Crossover 
Iteration 34: (116,355,966 ; 1.425) (600,107,710 ; 0.611667) (112,329,982 ; 1.425) (324,494,826 ; 0.825) (116,110,894 ; 0.925) (116,355,710 ; 1.155) (116,367,878 ; 1.40833) (36,291,730 ; 1.06333) (100,359,190 ; 0.853333) (112,329,966 ; 1.425) (628,363,758 ; 0.565) (100,870,878 ; 1.03167) (592,107,710 ; 0.611667) (84,359,878 ; 1.125) (372,103,718 ; 0.618333) (116,103,974 ; 0.931667) 
It. 35 selection ok
Crossover 
Iteration 35: (116,355,966 ; 1.53333) (96,457,978 ; 0.943333) (116,105,710 ; 0.838333) (244,107,710 ; 0.645) (96,359,622 ; 0.931667) (100,359,878 ; 1.08333) (116,876,986 ; 1.16167) (116,367,730 ; 1.18333) (52,355,966 ; 0.978333) (84,355,710 ; 1.07833) (116,354,718 ; 1.205) (97,359,190 ; 0.763333) (112,345,710 ; 1.205) (244,354,982 ; 0.725) (325,494,826 ; 0.825) (260,494,890 ; 0.9) 
It. 36 selection ok
Crossover 
Iteration 36: (116,355,966 ; 1.40833) (244,107,708 ; 0.6) (100,463,730 ; 0.855) (68,367,730 ; 0.961667) (116,358,190 ; 0.885) (356,358,190 ; 0.726667) (496,107,742 ; 0.611667) (124,363,711 ; 1.1) (113,359,876 ; 1.41167) (48,359,878 ; 0.925) (84,363,718 ; 1.02333) (69,355,974 ; 0.923333) (117,355,994 ; 1.40833) (116,355,966 ; 1.40833) (107,359,158 ; 0.866667) (101,327,190 ; 0.885) 
It. 37 selection ok
Crossover 
Iteration 37: (113,359,876 ; 1.45667) (84,363,206 ; 0.848333) (116,107,711 ; 0.805) (96,363,711 ; 1.04833) (308,335,842 ; 0.575) (52,359,878 ; 0.831667) (100,463,602 ; 0.945) (124,377,711 ; 1.16333) (117,355,994 ; 1.47) (53,355,992 ; 0.948333) (116,371,966 ; 1.45667) (124,363,966 ; 1.17333) (100,359,158 ; 0.806667) (356,358,190 ; 0.696667) (68,367,730 ; 0.885) (48,359,878 ; 0.89) 
It. 38 selection ok
Crossover 
Iteration 38: (117,355,994 ; 1.55167) (510,363,967 ; 0.561667) (100,463,602 ; 1.09167) (356,358,190 ; 0.741667) (52,367,966 ; 1.025) (52,359,966 ; 1.01) (116,370,194 ; 0.973333) (116,371,198 ; 0.973333) (124,367,454 ; 1.01667) (85,355,1011 ; 0.991667) (101,355,994 ; 1.24) (53,355,993 ; 1.15333) (312,371,910 ; 0.706667) (316,371,998 ; 0.713333) (124,339,964 ; 1.25833) (60,343,902 ; 0.991667) 
It. 39 selection ok
Crossover 
Iteration 39: (117,355,994 ; 1.45333) (20,359,708 ; 0.9) (124,339,453 ; 1.02167) (124,339,964 ; 1.12333) (829,338,926 ; 0.586667) (309,371,927 ; 0.778333) (101,371,994 ; 1.015) (309,495,838 ; 0.918333) (55,355,993 ; 0.848333) (252,368,194 ; 0.928333) (124,367,966 ; 1.08833) (124,463,962 ; 0.965) (116,499,70 ; 0.801667) (76,367,454 ; 0.885) (116,370,994 ; 1.41833) (116,306,994 ; 1.26833) 
It. 40 selection ok
Crossover 
Iteration 40: (117,355,994 ; 1.425) (101,371,994 ; 0.983333) (101,370,994 ; 0.958333) (53,370,994 ; 0.773333) (117,355,736 ; 1.1) (101,355,995 ; 0.983333) (124,303,454 ; 0.95) (92,111,966 ; 1.07833) (124,463,978 ; 0.966667) (116,310,998 ; 1.40833) (124,103,966 ; 0.756667) (373,370,923 ; 0.506667) (100,354,865 ; 0.916667) (116,354,993 ; 1.425) (61,339,964 ; 0.798333) (124,275,453 ; 0.97) 
It. 41 selection ok
Crossover 
Iteration 41: (117,355,994 ; 1.52333) (101,371,994 ; 1.00333) (373,338,972 ; 0.648333) (373,338,964 ; 0.648333) (101,114,978 ; 1.10167) (245,498,982 ; 0.795) (109,370,962 ; 1.26167) (101,370,994 ; 1.10667) (97,499,954 ; 1.18833) (125,433,998 ; 1.21) (100,354,994 ; 1.185) (100,354,1010 ; 1.185) (117,103,994 ; 0.898333) (245,355,960 ; 0.676667) (124,303,454 ; 0.916667) (254,271,454 ; 0.651667) 
It. 42 selection ok
Crossover 
Iteration 42: (117,355,994 ; 1.49833) (109,371,994 ; 1.05167) (245,498,982 ; 0.97) (181,498,982 ; 1.185) (109,371,930 ; 1.16333) (254,271,454 ; 0.778333) (373,850,844 ; 0.841667) (245,355,964 ; 0.82) (97,99,1010 ; 1.175) (225,867,1010 ; 0.871667) (100,433,486 ; 0.89) (244,433,998 ; 0.843333) (97,483,826 ; 0.871667) (225,499,826 ; 0.945) (97,499,954 ; 1.01833) (97,370,994 ; 1.07667) 
It. 43 selection ok
Crossover 
Iteration 43: (117,355,994 ; 1.515) (225,507,826 ; 0.883333) (100,432,548 ; 1.01) (100,177,806 ; 0.84) (100,433,422 ; 0.963333) (117,361,962 ; 1.48667) (97,871,883 ; 0.838333) (99,609,1010 ; 1.03167) (373,858,1004 ; 0.858333) (373,854,972 ; 0.858333) (97,483,826 ; 1.04333) (109,371,946 ; 1.08667) (41,371,930 ; 0.846667) (245,995,836 ; 0.953333) (99,499,954 ; 0.91) (101,355,994 ; 0.875) 
It. 44 selection ok
Crossover 
Iteration 44: (117,355,994 ; 1.565) (557,371,946 ; 0.595) (375,787,1000 ; 0.83) (99,499,954 ; 1.215) (100,177,806 ; 0.861667) (885,858,1004 ; 0.613333) (309,858,1004 ; 0.996667) (33,507,778 ; 1.20667) (115,497,954 ; 1.13167) (97,871,627 ; 0.996667) (364,177,822 ; 0.758333) (118,185,807 ; 0.84) (97,355,994 ; 1.2) (105,355,994 ; 1.22167) (100,179,290 ; 0.888333) (97,838,883 ; 1.08) 
It. 45 selection ok
Crossover 
Iteration 45: (117,355,994 ; 1.50667) (557,851,954 ; 0.713333) (108,177,950 ; 1.21) (364,177,822 ; 0.696667) (99,858,1004 ; 1.06667) (227,979,1006 ; 0.958333) (97,454,954 ; 1.06833) (33,486,954 ; 1.085) (110,147,994 ; 1.115) (116,179,930 ; 0.836667) (233,355,994 ; 0.716667) (100,185,802 ; 0.731667) (33,497,954 ; 1.12833) (33,497,954 ; 1.12833) (117,249,802 ; 1.20167) (117,184,871 ; 0.836667) 
It. 46 selection ok
Crossover 
Iteration 46: (117,355,994 ; 1.48833) (99,858,1000 ; 0.993333) (227,979,1007 ; 0.955) (108,177,374 ; 0.766667) (235,339,942 ; 0.713333) (226,979,940 ; 0.933333) (117,355,992 ; 1.48833) (108,689,958 ; 1.07333) (116,179,930 ; 0.85) (227,979,1006 ; 0.955) (117,696,807 ; 1.06667) (117,359,994 ; 1.48833) (233,243,800 ; 0.706667) (105,179,802 ; 0.788333) (108,49,810 ; 0.861667) (110,177,626 ; 0.871667) 
It. 47 selection ok
Crossover 
Iteration 47: (117,355,994 ; 1.38333) (227,987,894 ; 0.813333) (99,179,930 ; 1.24667) (627,242,930 ; 0.656667) (108,693,958 ; 1.08667) (116,179,418 ; 0.766667) (629,355,994 ; 0.518333) (52,355,930 ; 1.03333) (110,33,1010 ; 1.21667) (110,145,1010 ; 1.12167) (117,355,994 ; 1.38333) (119,355,992 ; 1.38333) (117,177,374 ; 0.801667) (117,185,374 ; 0.821667) (116,179,930 ; 0.96) (108,177,374 ; 0.806667) 
It. 48 selection ok
Crossover 
Iteration 48: (117,355,994 ; 1.355) (117,355,866 ; 1.28833) (116,179,416 ; 0.798333) (119,355,992 ; 1.35167) (629,355,1002 ; 0.488333) (117,185,310 ; 0.76) (707,991,894 ; 0.918333) (243,987,894 ; 0.765) (113,355,994 ; 1.355) (108,693,958 ; 0.97) (113,145,946 ; 0.811667) (117,435,930 ; 0.818333) (117,355,962 ; 1.355) (116,177,374 ; 0.813333) (48,435,928 ; 0.88) (54,179,994 ; 1.27167) 
It. 49 selection ok
Crossover 
Iteration 49: (117,355,994 ; 1.40333) (112,355,995 ; 1.40333) (561,977,894 ; 0.746667) (113,913,831 ; 0.92) (55,693,958 ; 0.938333) (119,565,926 ; 0.898333) (113,355,962 ; 1.34667) (715,1019,574 ; 0.815) (117,179,416 ; 0.716667) (53,179,418 ; 1.105) (116,183,738 ; 0.718333) (116,691,994 ; 1.05833) (707,731,638 ; 0.755) (117,185,310 ; 0.73) (117,323,880 ; 1.04167) (117,355,994 ; 1.40333) 
It. 50 selection ok
Crossover 
Iteration 50: (117,355,994 ; 1.33167) (587,827,574 ; 0.668333) (121,363,962 ; 1.33333) (81,323,880 ; 1.06167) (112,691,994 ; 0.855) (113,355,962 ; 1.33167) (115,355,962 ; 1.33167) (84,675,930 ; 0.681667) (85,323,880 ; 1.06167) (117,355,994 ; 1.33167) (53,179,418 ; 0.946667) (84,439,738 ; 0.93) (113,371,834 ; 0.92) (113,355,578 ; 0.848333) (113,931,831 ; 0.683333) (117,931,831 ; 0.683333) 
It. 51 selection ok
Crossover 
Iteration 51: (121,363,962 ; 1.41667) (53,59,418 ; 0.636667) (115,483,880 ; 1.01667) (115,355,880 ; 1.42) (115,675,418 ; 0.953333) (51,675,930 ; 0.803333) (619,827,814 ; 0.733333) (117,930,799 ; 0.801667) (113,691,994 ; 0.953333) (113,691,994 ; 0.953333) (81,321,880 ; 1.19333) (113,355,962 ; 1.42) (53,931,831 ; 0.813333) (624,699,962 ; 0.491667) (28,439,994 ; 0.97) (115,355,962 ; 1.42333) 
It. 52 selection ok
Crossover 
Iteration 52: (115,355,962 ; 1.53333) (161,691,934 ; 1.07333) (37,931,815 ; 0.835) (83,979,368 ; 0.878333) (115,247,450 ; 0.856667) (627,323,962 ; 0.618333) (113,755,930 ; 1.04) (49,755,994 ; 0.886667) (53,931,831 ; 0.853333) (53,935,830 ; 0.853333) (119,355,962 ; 1.50833) (115,323,880 ; 1.12333) (123,481,881 ; 1.18167) (115,483,880 ; 1.065) (549,675,831 ; 0.733333) (113,691,1018 ; 0.96) 
It. 53 selection ok
Crossover 
Iteration 53: (115,355,962 ; 1.47) (114,419,625 ; 0.78) (49,754,994 ; 0.915) (55,935,828 ; 0.89) (369,353,458 ; 0.711667) (116,355,962 ; 1.47) (114,355,962 ; 1.47) (37,803,815 ; 0.921667) (67,755,930 ; 0.933333) (99,755,928 ; 0.94) (113,1011,930 ; 0.876667) (563,322,962 ; 0.631667) (547,950,831 ; 0.678333) (547,675,831 ; 0.738333) (115,355,962 ; 1.47) (113,753,930 ; 1.10333) 
It. 54 selection ok
Crossover 
Iteration 54: (115,355,962 ; 1.41833) (114,99,578 ; 0.831667) (368,99,966 ; 0.815) (118,355,970 ; 1.41833) (115,355,962 ; 1.41833) (115,755,936 ; 1.2) (99,753,740 ; 1.045) (369,353,458 ; 0.611667) (53,935,828 ; 1.01) (419,755,928 ; 0.706667) (113,241,930 ; 0.986667) (113,753,930 ; 1.2) (615,755,930 ; 0.828333) (675,950,791 ; 0.918333) (555,950,703 ; 0.783333) (555,822,831 ; 0.808333) 
It. 55 selection ok
Crossover 
Iteration 55: (115,355,962 ; 1.27667) (115,323,898 ; 0.923333) (675,754,930 ; 0.638333) (674,690,930 ; 0.638333) (116,355,974 ; 1.27667) (49,752,419 ; 0.788333) (115,355,834 ; 1.26) (115,355,962 ; 1.27667) (115,355,834 ; 1.26) (115,355,962 ; 1.27667) (115,355,970 ; 1.27667) (119,355,968 ; 1.25667) (553,310,831 ; 0.403333) (553,822,830 ; 0.84) (675,950,819 ; 0.911667) (387,755,801 ; 0.696667) 
It. 56 selection ok
Crossover 
Iteration 56: (115,355,962 ; 1.38833) (51,355,834 ; 0.85) (681,822,830 ; 0.75) (557,806,830 ; 0.761667) (115,483,322 ; 0.828333) (115,355,578 ; 1.07667) (119,67,898 ; 0.81) (115,355,968 ; 1.38833) (114,419,962 ; 1.05333) (119,371,834 ; 1.115) (116,371,974 ; 1.39333) (115,482,834 ; 0.825) (49,720,291 ; 0.898333) (305,756,931 ; 0.77) (115,355,994 ; 1.38833) (371,97,962 ; 0.703333) 
It. 57 selection ok
Crossover 
Iteration 57: (116,371,974 ; 1.395) (557,422,830 ; 0.58) (49,99,578 ; 1.31833) (115,323,834 ; 1.17167) (127,99,67 ; 0.538333) (39,99,578 ; 1.31833) (51,867,834 ; 0.908333) (85,355,974 ; 0.971667) (115,419,962 ; 1.11333) (119,355,972 ; 1.40333) (49,720,295 ; 0.886667) (87,307,834 ; 1.14833) (681,822,830 ; 0.795) (557,806,822 ; 0.855) (243,419,320 ; 0.825) (749,822,830 ; 0.771667) 
It. 58 selection ok
Crossover 
Iteration 58: (119,355,972 ; 1.52667) (749,822,830 ; 0.821667) (39,355,974 ; 1.16833) (167,355,974 ; 1.07167) (127,99,67 ; 0.583333) (557,774,918 ; 0.896667) (49,355,974 ; 1.16833) (49,355,970 ; 1.16833) (45,878,834 ; 1.11) (557,806,834 ; 0.895) (115,419,970 ; 1.22667) (59,870,834 ; 1.11) (631,323,834 ; 0.538333) (115,35,962 ; 0.958333) (561,600,295 ; 0.876667) (83,307,330 ; 0.88) 
It. 59 selection ok
Crossover 
Iteration 59: (119,355,972 ; 1.50667) (51,867,970 ; 0.888333) (59,870,834 ; 0.83) (51,870,834 ; 0.83) (630,323,974 ; 0.648333) (599,323,990 ; 0.648333) (115,35,474 ; 0.681667) (49,355,974 ; 1.11667) (45,334,578 ; 1.055) (44,366,578 ; 0.785) (119,355,972 ; 1.50667) (39,355,975 ; 1.11667) (561,536,263 ; 0.601667) (115,419,842 ; 1.18167) (33,355,970 ; 1.12) (115,291,971 ; 1.48333) 
It. 60 selection ok
Crossover 
Iteration 60: (119,355,972 ; 1.41333) (119,355,972 ; 1.41333) (85,866,834 ; 0.7) (55,870,838 ; 0.7) (119,359,972 ; 1.41667) (33,355,970 ; 0.933333) (119,354,964 ; 1.41333) (44,366,706 ; 0.886667) (59,838,970 ; 0.763333) (27,838,990 ; 0.763333) (49,363,974 ; 0.923333) (53,355,974 ; 0.923333) (119,355,460 ; 0.716667) (57,419,842 ; 0.903333) (118,354,974 ; 1.41333) (119,355,463 ; 0.716667) 
It. 61 selection ok
Crossover 
Iteration 61: (119,359,972 ; 1.55833) (631,359,972 ; 0.415) (27,326,968 ; 1.10667) (27,326,970 ; 1.10667) (119,355,964 ; 1.53167) (55,355,964 ; 0.968333) (23,838,1022 ; 0.798333) (23,870,990 ; 0.841667) (33,355,962 ; 1.00167) (119,359,972 ; 1.55833) (119,867,463 ; 0.813333) (300,366,706 ; 0.603333) (55,870,838 ; 0.805) (44,366,962 ; 0.983333) (127,610,980 ; 1.10333) (93,866,834 ; 0.805) 
It. 62 selection ok
Crossover 
Iteration 62: (119,359,972 ; 1.56167) (119,801,455 ; 1.03167) (119,454,970 ; 1.3) (119,327,970 ; 1.555) (119,867,990 ; 0.76) (115,867,734 ; 0.726667) (93,870,834 ; 0.726667) (44,364,960 ; 0.981667) (25,324,842 ; 0.991667) (27,326,970 ; 1.07667) (93,882,578 ; 0.726667) (55,998,981 ; 0.726667) (55,355,964 ; 0.97) (55,482,836 ; 0.83) (151,870,990 ; 1.05333) (46,366,962 ; 0.981667) 
It. 63 selection ok
Crossover 
Iteration 63: (119,359,972 ; 1.375) (183,870,990 ; 0.828333) (112,327,843 ; 1.105) (108,327,906 ; 1.375) (151,358,990 ; 0.988333) (247,875,734 ; 0.77) (571,327,234 ; 0.591667) (283,326,491 ; 0.541667) (119,359,990 ; 1.375) (27,102,970 ; 1.11333) (103,801,967 ; 0.753333) (119,801,999 ; 0.95) (51,99,964 ; 1.05167) (119,355,964 ; 1.375) (46,366,963 ; 0.91) (47,366,738 ; 0.896667) 
It. 64 selection ok
Crossover 
Iteration 64: (119,359,972 ; 1.305) (46,364,451 ; 0.851667) (110,358,963 ; 1.24833) (112,263,843 ; 0.925) (119,367,974 ; 1.24833) (151,486,990 ; 0.941667) (111,327,906 ; 1.305) (109,327,906 ; 1.305) (55,359,964 ; 0.8) (119,103,990 ; 0.711667) (176,327,843 ; 0.661667) (119,359,972 ; 1.305) (112,103,964 ; 0.711667) (112,615,900 ; 1.06333) (108,71,906 ; 0.711667) (119,323,964 ; 0.905) 
It. 65 selection ok
Crossover 
Iteration 65: (119,359,972 ; 1.26167) (119,103,990 ; 0.756667) (109,327,843 ; 1.24167) (109,327,843 ; 1.24167) (114,263,587 ; 0.93) (34,380,199 ; 0.905) (626,367,972 ; 0.401667) (119,367,972 ; 1.26167) (119,321,972 ; 1.275) (119,327,708 ; 0.983333) (55,103,964 ; 1.135) (119,103,964 ; 0.75) (109,335,974 ; 1.26167) (109,327,974 ; 1.24167) (118,103,452 ; 0.603333) (119,103,964 ; 0.75) 
It. 66 selection ok
Crossover 
Iteration 66: (119,321,972 ; 1.30167) (34,380,199 ; 0.998333) (109,357,331 ; 0.921667) (118,495,972 ; 1.03333) (117,103,207 ; 0.508333) (119,359,195 ; 0.926667) (55,119,900 ; 1.29167) (55,103,972 ; 1.12167) (55,103,964 ; 1.12167) (42,364,215 ; 0.993333) (119,358,972 ; 1.35333) (631,103,1004 ; 0.688333) (55,103,964 ; 1.12167) (119,103,972 ; 0.805) (119,263,587 ; 0.826667) (119,295,586 ; 0.986667) 
It. 67 selection ok
Crossover 
Iteration 67: (119,358,972 ; 1.44167) (55,111,964 ; 1.37667) (119,870,972 ; 0.973333) (567,103,900 ; 0.67) (118,359,972 ; 1.44167) (118,103,972 ; 0.691667) (51,615,964 ; 0.986667) (631,103,1006 ; 0.67) (45,460,215 ; 0.945) (109,876,215 ; 0.895) (119,263,586 ; 0.78) (105,357,331 ; 0.808333) (119,295,586 ; 1.04667) (119,295,618 ; 1.02333) (51,295,964 ; 1.11) (55,103,964 ; 1.14) 
It. 68 selection ok
Crossover 
Iteration 68: (119,358,972 ; 1.48667) (230,103,968 ; 0.673333) (119,423,578 ; 1.01167) (575,247,900 ; 0.598333) (51,291,709 ; 1.005) (117,359,964 ; 1.48667) (51,615,964 ; 0.901667) (117,871,460 ; 0.918333) (119,359,618 ; 1.08333) (52,359,972 ; 1.00333) (105,493,843 ; 0.985) (631,103,1006 ; 0.675) (119,358,964 ; 1.48667) (118,71,1004 ; 0.666667) (45,460,215 ; 0.94) (118,615,908 ; 1.07833) 
It. 69 selection ok
Crossover 
Iteration 69: (119,358,972 ; 1.53) (630,294,964 ; 0.735) (117,871,776 ; 0.895) (117,871,320 ; 0.818333) (51,615,972 ; 1.12) (375,167,580 ; 0.735) (631,423,578 ; 0.751667) (575,247,902 ; 0.735) (109,583,911 ; 1.175) (109,615,908 ; 1.175) (118,611,772 ; 1.13667) (53,487,964 ; 1.12333) (51,615,964 ; 0.95) (307,615,964 ; 0.77) (119,615,908 ; 1.175) (119,615,908 ; 1.175) 
It. 70 selection ok
Crossover 
Iteration 70: (119,358,972 ; 1.535) (119,358,973 ; 1.535) (630,294,960 ; 0.8) (109,583,655 ; 1.14167) (55,615,964 ; 0.941667) (115,615,964 ; 1.13833) (631,935,66 ; 0.781667) (630,822,836 ; 0.715) (115,547,772 ; 1.08) (242,865,836 ; 0.876667) (55,631,908 ; 1.02167) (116,619,780 ; 1.135) (51,583,460 ; 0.978333) (117,869,776 ; 0.975) (631,423,578 ; 0.695) (607,391,962 ; 0.65) 
It. 71 selection ok
Crossover 
Iteration 71: (119,358,972 ; 1.43667) (119,631,908 ; 1.13333) (244,619,782 ; 0.703333) (116,619,268 ; 1.1) (311,615,972 ; 0.803333) (55,611,965 ; 0.955) (115,583,460 ; 1.1) (607,903,962 ; 0.808333) (119,358,973 ; 1.43667) (119,358,1005 ; 1.43667) (638,358,973 ; 0.538333) (630,358,845 ; 0.553333) (246,865,836 ; 0.82) (116,747,780 ; 1.15167) (55,631,908 ; 1.01167) (55,631,908 ; 1.01167) 
It. 72 selection ok
Crossover 
Iteration 72: (119,358,972 ; 1.435) (244,619,590 ; 0.708333) (55,119,972 ; 1.38333) (55,375,988 ; 1.16667) (55,631,908 ; 1.06667) (55,629,396 ; 0.988333) (310,615,1005 ; 0.801667) (374,869,972 ; 0.753333) (119,486,973 ; 1.095) (116,587,270 ; 1.11167) (55,610,965 ; 0.998333) (115,358,493 ; 0.993333) (372,619,780 ; 0.76) (116,747,780 ; 1.11667) (510,865,580 ; 0.743333) (246,865,836 ; 0.878333) 
It. 73 selection ok
Crossover 
Iteration 73: (119,358,972 ; 1.49) (382,869,972 ; 0.798333) (167,629,396 ; 0.786667) (54,119,964 ; 1.41333) (118,358,716 ; 1.07333) (54,358,973 ; 1.12167) (884,611,780 ; 0.63) (115,966,973 ; 1.05) (55,865,836 ; 1.025) (55,869,836 ; 1.025) (115,358,493 ; 0.975) (99,484,965 ; 1.1) (244,865,836 ; 0.818333) (252,865,324 ; 0.878333) (372,623,778 ; 0.793333) (55,613,398 ; 1.02167) 
It. 74 selection ok
Crossover 
Iteration 74: (119,358,972 ; 1.55167) (55,865,844 ; 0.918333) (188,865,836 ; 1.13333) (252,865,836 ; 0.736667) (115,966,973 ; 0.943333) (55,613,398 ; 0.918333) (61,613,910 ; 0.795) (119,966,713 ; 0.918333) (167,629,396 ; 0.835) (382,869,972 ; 0.668333) (54,115,964 ; 1.52167) (115,982,973 ; 0.918333) (55,357,580 ; 1.16333) (55,865,836 ; 0.918333) (54,358,457 ; 1.16333) (115,998,461 ; 0.896667) 
It. 75 selection ok
Crossover 
Iteration 75: (119,358,972 ; 1.585) (51,982,973 ; 0.801667) (113,1014,717 ; 0.801667) (119,996,844 ; 0.801667) (188,865,708 ; 1.06833) (188,865,708 ; 1.06833) (55,101,398 ; 0.83) (55,873,836 ; 0.801667) (115,982,905 ; 0.801667) (55,357,588 ; 1.01667) (115,370,844 ; 1.15833) (115,374,964 ; 1.56833) (191,865,836 ; 1.06) (187,867,844 ; 1.06) (63,865,844 ; 0.801667) (123,998,477 ; 0.775) 
It. 76 selection ok
Crossover 
Iteration 76: (119,358,972 ; 1.57167) (115,370,846 ; 1.21) (123,865,708 ; 0.883333) (115,865,708 ; 0.891667) (188,481,588 ; 0.795) (188,353,716 ; 0.836667) (188,881,708 ; 1.12167) (51,982,973 ; 0.928333) (55,357,398 ; 1.155) (639,374,996 ; 0.555) (119,998,846 ; 0.891667) (55,361,966 ; 1.16167) (563,982,973 ; 0.71) (119,996,972 ; 0.928333) (55,361,780 ; 1.15667) (7,360,847 ; 1.20333) 
It. 77 selection ok
Crossover 
Iteration 77: (119,358,972 ; 1.495) (190,1009,709 ; 1.12833) (55,357,398 ; 1.20167) (49,982,973 ; 0.95) (50,865,644 ; 0.943333) (55,869,708 ; 0.938333) (55,358,398 ; 1.20167) (119,358,398 ; 0.856667) (55,357,398 ; 1.20167) (115,368,846 ; 1.17667) (174,873,524 ; 1.13167) (188,361,520 ; 0.655) (187,489,604 ; 0.655) (179,481,590 ; 0.79) (87,1006,334 ; 0.955) (188,369,718 ; 0.72) 
It. 78 selection ok
Crossover 
Iteration 78: (119,358,972 ; 1.46667) (87,1003,366 ; 0.953333) (59,357,398 ; 1.12333) (123,357,398 ; 0.79) (49,357,398 ; 1.02333) (51,357,398 ; 1.12333) (34,1003,516 ; 0.965) (631,368,846 ; 0.505) (49,986,973 ; 0.936667) (119,358,972 ; 1.46667) (179,353,398 ; 0.681667) (179,353,398 ; 0.681667) (119,358,972 ; 1.46667) (39,357,398 ; 1.005) (174,865,524 ; 1.005) (686,877,516 ; 0.806667) 
It. 79 selection ok
Crossover 
Iteration 79: (119,358,972 ; 1.585) (631,880,782 ; 0.698333) (162,1003,516 ; 1.10333) (59,357,398 ; 1.12333) (87,938,398 ; 0.94) (85,1003,398 ; 0.928333) (39,368,526 ; 0.968333) (55,365,518 ; 1.185) (87,1003,623 ; 0.89) (119,870,972 ; 0.943333) (686,621,516 ; 0.488333) (49,869,398 ; 0.935) (51,358,844 ; 1.18833) (35,358,972 ; 1.2) (119,839,972 ; 0.931667) (49,357,270 ; 0.891667) 
It. 80 selection ok
Crossover 
Iteration 80: (119,358,972 ; 1.50667) (39,357,518 ; 0.808333) (85,363,781 ; 1.13833) (117,363,972 ; 1.50333) (25,373,974 ; 0.96) (59,357,974 ; 0.931667) (59,357,398 ; 0.893333) (35,358,964 ; 0.965) (51,386,844 ; 0.998333) (563,358,332 ; 0.516667) (119,486,972 ; 1.12667) (119,482,972 ; 1.12333) (49,869,398 ; 0.88) (49,101,398 ; 1.09) (547,621,548 ; 0.775) (547,621,516 ; 0.783333) 
It. 81 selection ok
Crossover 
Iteration 81: (119,358,972 ; 1.54167) (49,869,398 ; 0.903333) (629,367,1004 ; 0.706667) (49,613,398 ; 0.911667) (33,621,548 ; 0.913333) (625,615,612 ; 0.588333) (119,358,964 ; 1.54167) (161,293,398 ; 0.911667) (119,480,876 ; 1.00333) (545,621,548 ; 0.895) (3,869,398 ; 0.9) (291,869,396 ; 0.905) (93,363,797 ; 1.12333) (93,363,797 ; 1.12333) (153,372,718 ; 1.12833) (49,869,414 ; 0.903333) 
It. 82 selection ok
Crossover 
Iteration 82: (119,358,972 ; 1.535) (553,621,676 ; 0.813333) (625,111,1004 ; 0.826667) (633,367,1004 ; 0.733333) (77,867,414 ; 0.976667) (604,611,154 ; 0.828333) (49,613,614 ; 1.085) (49,613,612 ; 1.03333) (48,881,398 ; 0.976667) (49,549,462 ; 0.996667) (49,869,410 ; 0.976667) (309,871,414 ; 0.831667) (119,358,980 ; 1.535) (119,358,972 ; 1.535) (627,367,940 ; 0.583333) (627,367,1004 ; 0.733333) 
It. 83 selection ok
Crossover 
Iteration 83: (119,358,980 ; 1.36667) (119,358,972 ; 1.36667) (57,613,998 ; 0.913333) (49,100,998 ; 1.41667) (49,549,462 ; 0.975) (49,549,454 ; 0.975) (1,549,398 ; 0.94) (305,549,910 ; 0.695) (599,611,152 ; 0.77) (599,611,154 ; 0.77) (721,815,926 ; 0.766667) (633,895,414 ; 0.808333) (119,358,972 ; 1.36667) (617,751,676 ; 0.793333) (119,358,1006 ; 1.36667) (103,102,492 ; 0.71) 
It. 84 selection ok
Crossover 
Iteration 84: (49,100,998 ; 1.30333) (375,322,716 ; 0.64) (599,611,153 ; 0.721667) (119,358,980 ; 1.35167) (49,612,1010 ; 0.911667) (49,608,738 ; 0.876667) (85,117,966 ; 1.1) (119,358,980 ; 1.35167) (119,486,1006 ; 0.971667) (49,549,454 ; 0.83) (51,228,1014 ; 1.10667) (57,101,838 ; 1.12833) (889,895,414 ; 0.721667) (119,358,972 ; 1.35167) (57,869,414 ; 0.816667) (57,868,414 ; 0.816667) 
It. 85 selection ok
Crossover 
Iteration 85: (119,358,980 ; 1.48333) (49,608,739 ; 0.905) (119,358,1004 ; 1.48333) (119,486,1006 ; 1.04) (51,869,414 ; 0.851667) (178,868,414 ; 1.00333) (57,869,414 ; 0.851667) (889,895,415 ; 0.716667) (119,326,972 ; 1.40667) (53,613,498 ; 0.863333) (57,869,414 ; 0.851667) (119,231,1006 ; 0.818333) (57,865,926 ; 0.87) (119,486,980 ; 1.04) (183,100,966 ; 0.67) (23,100,998 ; 1.145) 
It. 86 selection ok
Crossover 
Iteration 86: (119,358,980 ; 1.665) (183,613,434 ; 0.726667) (189,877,414 ; 1.09333) (183,967,156 ; 0.936667) (103,358,980 ; 1.07833) (119,486,1004 ; 1.15333) (57,865,910 ; 0.858333) (51,1005,414 ; 0.771667) (51,869,926 ; 0.853333) (179,841,415 ; 1.09333) (103,358,980 ; 1.07833) (178,868,414 ; 1.09333) (178,868,286 ; 1.035) (51,613,412 ; 0.838333) (49,608,739 ; 0.886667) (57,613,414 ; 0.838333) 
It. 87 selection ok
Crossover 
Iteration 87: (119,358,980 ; 1.57) (115,359,980 ; 1.57) (49,612,414 ; 1) (49,588,414 ; 0.98) (115,869,926 ; 1.05) (305,1007,414 ; 0.778333) (184,893,398 ; 1.07) (690,868,350 ; 0.635) (53,992,739 ; 0.98) (57,613,910 ; 0.883333) (178,612,414 ; 0.745) (178,612,414 ; 0.745) (57,613,286 ; 0.983333) (51,613,412 ; 1) (17,610,739 ; 0.976667) (103,358,980 ; 1.03333) 
It. 88 selection ok
Crossover 
Iteration 88: (119,358,980 ; 1.62167) (33,613,412 ; 1.055) (55,613,910 ; 0.965) (53,612,910 ; 0.965) (57,869,398 ; 1.035) (61,869,398 ; 1.035) (184,893,390 ; 1.175) (53,1000,739 ; 1.07833) (33,548,414 ; 1.07833) (242,631,914 ; 0.751667) (49,1007,414 ; 1.035) (305,1007,286 ; 0.746667) (178,612,414 ; 0.68) (115,869,671 ; 1.08167) (674,356,350 ; 0.656667) (51,613,157 ; 1.04) 
It. 89 selection ok
Crossover 
Iteration 89: (119,358,980 ; 1.54167) (55,101,906 ; 1.12333) (49,999,414 ; 1.14) (513,613,412 ; 0.708333) (305,973,654 ; 0.85) (305,1007,910 ; 0.828333) (39,613,286 ; 1.14333) (55,549,414 ; 1.16333) (181,612,910 ; 0.976667) (91,869,671 ; 1.16333) (53,549,910 ; 1.1) (53,609,910 ; 1.075) (49,999,406 ; 1.14) (186,628,286 ; 0.821667) (674,356,350 ; 0.671667) (631,486,980 ; 0.553333) 
It. 90 selection ok
Crossover 
Iteration 90: (119,358,980 ; 1.61667) (49,973,654 ; 1.085) (631,614,654 ; 0.776667) (630,612,910 ; 0.77) (17,999,412 ; 1.1) (48,807,287 ; 1.08) (162,356,334 ; 0.801667) (672,356,350 ; 0.751667) (53,999,406 ; 1.1) (49,999,406 ; 1.1) (181,612,910 ; 0.968333) (53,609,910 ; 1.135) (311,999,926 ; 0.88) (55,999,414 ; 1.1) (95,869,159 ; 1.07667) (375,358,724 ; 0.658333) 
It. 91 selection ok
Crossover 
Iteration 91: (119,358,980 ; 1.47833) (55,999,158 ; 0.916667) (181,612,916 ; 0.976667) (181,612,980 ; 0.998333) (17,999,974 ; 0.985) (17,999,910 ; 0.98) (567,995,412 ; 0.783333) (855,999,412 ; 0.795) (672,356,78 ; 0.716667) (53,1014,386 ; 0.936667) (119,358,980 ; 1.47833) (118,358,980 ; 1.47833) (53,609,910 ; 1.06667) (37,613,910 ; 1.08167) (672,68,334 ; 0.661667) (928,356,366 ; 0.666667) 
It. 92 selection ok
Crossover  
Iteration 92: (119,358,980 ; 1.525) (45,613,910 ; 1.145) (119,326,964 ; 1.22) (301,612,846 ; 0.835) (53,1014,384 ; 1.03333) (115,486,980 ; 1.05) (928,484,366 ; 0.685) (103,358,980 ; 1.145) (672,76,332 ; 0.618333) (37,613,910 ; 1.14667) (181,612,916 ; 1.085) (53,1014,386 ; 1.03333) (855,999,654 ; 0.861667) (855,743,910 ; 0.653333) (309,1014,386 ; 0.856667) (181,548,980 ; 1.10667) 
It. 93 selection ok
Crossover 
Iteration 93: (119,358,980 ; 1.365) (855,743,910 ; 0.528333) (928,1004,366 ; 0.79) (896,486,366 ; 0.558333) (79,102,980 ; 1.1) (117,358,912 ; 1.35333) (117,358,980 ; 1.365) (116,358,982 ; 1.365) (53,482,852 ; 0.913333) (182,486,988 ; 1.11) (119,110,980 ; 0.791667) (981,751,938 ; 0.528333) (109,294,980 ; 1.35) (101,486,981 ; 0.878333) (181,544,980 ; 1.06) (103,358,980 ; 0.943333) 
It. 94 selection ok
Crossover 
Iteration 94: (119,358,980 ; 1.36333) (79,294,724 ; 0.995) (117,358,912 ; 1.34667) (77,294,964 ; 1.11333) (101,322,848 ; 1.34667) (101,358,914 ; 0.66) (53,482,852 ; 0.601667) (316,358,982 ; 0.5) (127,358,916 ; 1.045) (103,294,964 ; 1.31667) (101,358,912 ; 0.66) (100,486,981 ; 0.806667) (103,358,982 ; 0.84) (52,358,982 ; 0.678333) (117,354,980 ; 1.36333) (119,358,980 ; 1.36333) 
It. 95 selection ok
Crossover 
Iteration 95: (119,358,980 ; 1.355) (103,294,966 ; 1.355) (53,482,964 ; 0.813333) (61,422,981 ; 0.845) (103,102,854 ; 0.721667) (119,358,1012 ; 1.355) (119,358,468 ; 0.881667) (117,354,896 ; 1.33167) (68,486,983 ; 0.825) (101,358,976 ; 0.806667) (373,354,980 ; 0.43) (101,354,980 ; 0.806667) (115,358,912 ; 1.33167) (126,358,912 ; 1.02667) (117,358,912 ; 1.33167) (229,487,981 ; 0.783333) 
It. 96 selection ok
Crossover 
Iteration 96: (119,358,980 ; 1.47333) (613,483,981 ; 0.543333) (71,870,468 ; 0.933333) (101,358,84 ; 0.86) (119,486,976 ; 0.963333) (119,358,848 ; 1.445) (101,354,980 ; 0.905) (115,356,912 ; 1.445) (117,362,468 ; 0.966667) (117,290,468 ; 1.00167) (61,422,853 ; 0.913333) (126,358,912 ; 1.145) (627,358,944 ; 0.521667) (247,484,996 ; 0.96) (119,486,916 ; 0.96) (119,486,976 ; 0.963333) 
It. 97 selection ok
Crossover 
Iteration 97: (119,358,980 ; 1.365) (245,330,340 ; 0.848333) (71,294,944 ; 1.025) (71,612,944 ; 0.87) (119,358,850 ; 1.37167) (119,358,592 ; 0.971667) (117,290,468 ; 0.84) (117,290,452 ; 0.84) (115,486,916 ; 0.835) (115,998,916 ; 0.916667) (117,296,468 ; 0.84) (119,355,980 ; 1.36333) (119,358,980 ; 1.365) (883,358,816 ; 0.596667) (103,326,656 ; 0.985) (87,870,912 ; 0.966667) 
It. 98 selection ok
Crossover 
Iteration 98: (119,358,850 ; 1.515) (231,358,982 ; 0.96) (119,358,764 ; 1.13) (117,288,468 ; 1.00167) (119,870,914 ; 1.09833) (115,998,916 ; 1.07333) (115,998,404 ; 1.05333) (117,290,468 ; 1.00167) (343,870,912 ; 0.95) (855,358,688 ; 0.528333) (631,355,912 ; 0.57) (119,355,784 ; 1.285) (103,486,916 ; 1.12833) (119,486,917 ; 1.08167) (119,871,528 ; 1.06167) (631,358,976 ; 0.561667) 
It. 99 selection ok
Crossover  
Iteration 99: (119,358,850 ; 1.59333) (115,998,148 ; 1.09667) (247,358,850 ; 0.906667) (119,486,848 ; 1.07667) (119,867,784 ; 1.03167) (631,355,944 ; 0.623333) (115,998,404 ; 1.065) (243,998,308 ; 0.765) (119,358,850 ; 1.59333) (373,870,786 ; 0.843333) (631,871,512 ; 0.815) (119,871,529 ; 1.04) (245,998,405 ; 0.776667) (631,354,764 ; 0.676667) (115,998,916 ; 1.03167) (113,1014,405 ; 1.065) 
It. 100 selection ok
Crossover 
Iteration 100: (119,358,850 ; 1.44167) (113,950,405 ; 0.763333) (119,326,786 ; 1.03333) (119,358,850 ; 1.44167)
(115,358,594 ; 1.01667) (499,358,854 ; 0.543333) (247,354,850 ; 0.701667) (613,847,512 ; 0.728333) (118,358,850 ; 1.44167)
(119,366,850 ; 1.14833) (119,867,784 ; 0.77) (119,358,886 ; 1.44167) (119,998,308 ; 0.838333) (119,998,308 ; 0.838333)
(119,486,720 ; 0.775) (87,486,848 ; 1.07667) 
Best: (119,358,850 ; 1.44167)
Top : (119,326,786 ; 1.03333) (119,358,850 ; 1.44167) (115,358,594 ; 1.0166 7)
(118,358,850 ; 1.44167) (119,366,850 ; 1.14833) (119,358,886 ; 1.44167) (87,486,848 ; 1.07667)



WINNER: (119,358,850 ; 1.295)
(119,358,850) beats (1,10,100) : 0.4
(119,358,850) beats (10,100,1000) : 0.4
(119,358,850) beats (648,379,968) : 0.075
(119,358,850) beats (586,55,262) : 0.075
(119,358,850) beats (3,606,813) : 0.325
(119,358,850) beats (995,476,633) : 0.075
(119,358,850) beats (759,127,300) : 0.075
(119,358,850) beats (691,587,894) : 0.075
(119,358,850) beats (157,985,433) : 0.325
(119,358,850) beats (969,80,269) : 0.075
(119,358,850) beats (738,838,7) : 0.425
(119,358,850) beats (278,60,14) : 0.325
(119,358,850) beats (223,66,645) : 0.075
(119,358,850) beats (362,981,861) : 0.425
(119,358,850) beats (631,321,141) : 0.125
(119,358,850) beats (585,507,882) : 0.075
(119,358,850) beats (536,288,59) : 0.075
(119,358,850) beats (546,751,371) : 0.35
(119,358,850) beats (974,834,974) : 0.075
(119,358,850) beats (387,98,955) : 0.075
(119,358,850) beats (480,738,579) : 0.425
(119,358,850) beats (812,839,199) : 0.35
(119,358,850) beats (573,382,50) : 0.075
(119,358,850) beats (62,118,572) : 0.75
(119,358,850) beats (793,145,833) : 0.075
(119,358,850) beats (994,382,725) : 0.075
(119,358,850) beats (1,573,413) : 0.075
(119,358,850) beats (210,768,375) : 0.325
(119,358,850) beats (532,438,700) : 0.075
(119,358,850) beats (405,978,554) : 0.425
(119,358,850) beats (766,509,587) : 0.075
(119,358,850) beats (363,563,634) : 0.425
(119,358,850) beats (284,623,686) : 0.425
(119,358,850) beats (55,925,927) : 0.1
(119,358,850) beats (581,761,169) : 0.425
(119,358,850) beats (942,542,415) : 0.075
(119,358,850) beats (55,851,14) : 0.075
(119,358,850) beats (735,609,595) : 0.075
(119,358,850) beats (587,954,629) : 0.425
(119,358,850) beats (61,35,267) : 0.075
(119,358,850) beats (868,327,332) : 0.325
(119,358,850) beats (632,847,187) : 0.425
(119,358,850) beats (614,639,312) : 0.35
(119,358,850) beats (234,104,1) : 0.325
(119,358,850) beats (607,834,799) : 0.425
(119,358,850) beats (359,388,1020) : 0.075
(119,358,850) beats (922,801,97) : 0.475
(119,358,850) beats (424,432,926) : 0.075
(119,358,850) beats (893,419,130) : 0.125
(119,358,850) beats (241,185,167) : 0.075
(119,358,850) beats (559,691,117) : 0.425
(119,358,850) beats (546,684,417) : 0.35
(119,358,850) beats (967,621,863) : 0.075
(119,358,850) beats (683,596,314) : 0.475
(119,358,850) beats (457,424,843) : 0.075
(119,358,850) beats (367,127,116) : 0.2
(119,358,850) beats (302,825,657) : 0.425
(119,358,850) beats (277,318,894) : 0.075
(119,358,850) beats (597,777,1013) : 0.375
(119,358,850) beats (256,447,837) : 0.525
(119,358,850) beats (806,354,1008) : 0.075
(119,358,850) beats (786,641,386) : 0.075
(119,358,850) beats (936,219,303) : 0.075
(119,358,850) beats (771,287,597) : 0.075
(119,358,850) beats (960,562,188) : 0.075
(119,358,850) beats (291,254,188) : 0.075
(119,358,850) beats (254,11,1007) : 0.075
(119,358,850) beats (122,47,609) : 0.075
(119,358,850) beats (96,999,329) : 0.075
(119,358,850) beats (48,20,1017) : 0.75
(119,358,850) beats (250,1018,381) : 0.05
(119,358,850) beats (97,974,691) : 0.075
(119,358,850) beats (356,14,848) : 0.075
(119,358,850) beats (228,488,518) : 0.425
(119,358,850) beats (286,613,352) : 0.425
(119,358,850) beats (819,976,171) : 0.35
(119,358,850) beats (305,977,752) : 0.25
(119,358,850) beats (183,205,435) : 0.075
(119,358,850) beats (189,316,893) : 0.525
(119,358,850) beats (76,158,218) : 0.425
(119,358,850) beats (586,99,490) : 0.075
(119,358,850) beats (229,471,115) : 0.225
(119,358,850) beats (829,704,143) : 0.475
(119,358,850) beats (200,874,109) : 0.05
(119,358,850) beats (876,593,213) : 0.075
(119,358,850) beats (162,958,630) : 0.25
(119,358,850) beats (209,148,217) : 0.075
(119,358,850) beats (71,534,592) : 0.1
(119,358,850) beats (152,1023,132) : 0.075
(119,358,850) beats (158,779,253) : 0.05
(119,358,850) beats (944,629,964) : 0.075
(119,358,850) beats (1012,727,113) : 0.075
(119,358,850) beats (991,437,703) : 0.075
(119,358,850) beats (229,105,221) : 0.075
(119,358,850) beats (979,426,788) : 0.075
(119,358,850) beats (144,827,774) : 0.25
(119,358,850) beats (381,468,327) : 0.35
(119,358,850) beats (206,325,82) : 0.275
(119,358,850) beats (242,924,91) : 0.05
(119,358,850) beats (907,24,923) : 0.075
(119,358,850) beats (851,691,368) : 0.075
(119,358,850) beats (415,315,772) : 0.075
Victory rate: 100 for (119,358,850 ; 1.295)

(119,358,850) is beaten by (1,10,100) : -0.275
(119,358,850) is beaten by (10,100,1000) : -0.275
(1,10,100) beats (10,100,1000) : 0.1


VERSION WITH <
Total time Mini-Max: 637.81
Total time Alpha-Beta: 236.82
